0.0010995578
0.0027919433
0.08560722
-0.002076294
-0.0058557903
0.09632944
0.0015633068
-0.00084397866
0.1598347
0.0013839366
-4.2291987e-05
-0.00047495044
0.0005098627
0.0040220977
0.008781077
-0.0006333699
0.0005294549
-6.197096e-05
0.053767443
0.0014673198
0.0019537169
-0.0010252234
-0.054654755
-0.0010971689
-0.047590174
0.116665125
0.0010810507
0.0009976724
0.10743743
-0.0035739623
0.0029684121
0.0012244195
-0.00083608483
0.003098509
0.0032748387
-0.00040482412
0.0011220481
0.00046871835
-0.20526274
0.0028810087
