0.013560703
-0.012038081
-0.2593876
-0.12529549
0.12444605
0.025707541
0.009550027
0.029413803
0.15171045
-0.107105196
0.012945906
0.030086704
0.07275995
0.006844923
-0.14507268
-0.032247152
-0.036440037
0.09714081
0.72842705
-0.018231906
-0.012332468
0.020152124
0.29960677
-0.008267158
0.03851489
0.016680254
-0.025692413
-0.0040543983
-0.028176581
-0.03309925
0.025384633
-0.4060713
0.054405484
0.11246926
0.05946112
-0.018178139
0.07221767
-0.06336756
-0.025549578
-0.021453414
-0.04769129
0.023538912
-0.08026945
0.010905029
0.024211966
-0.03580799
0.00519227
0.028276475
0.036075328
0.06977353
-0.0060582594
-0.027098427
0.07446083
-0.0397948
0.011828024
-0.05699138
0.115636215
-0.018339653
0.34900057
0.2138365
-0.0051480187
-0.056001645
-0.04639207
0.002384226
-0.13666098
-0.059740305
-0.004061627
-0.05290494
0.20333062
0.23561315
-0.09630417
-0.04911387
0.10491847
-0.049466737
0.18928963
0.41003767
0.103446595
-0.09945314
-0.055877797
-0.009865771
-0.03141984
0.05678117
0.061010692
-0.06149213
0.30619684
0.027193489
-0.13130444
-0.003609431
0.023735272
0.00021153821
-0.04551885
-0.5349218
0.04684093
0.021463698
0.00188578
-0.015369207
0.022340981
-0.7973446
-0.01749532
-0.42975545
-0.094919495
0.058911175
0.040359005
-0.030017924
0.015096561
-0.06633804
0.048949778
-0.02792657
0.06011423
0.014217865
-0.06451911
-0.052660447
0.029263342
-0.01285811
-0.29580325
0.036914025
0.0039173616
-0.044536535
-0.035055276
0.0015320618
-0.001491487
-0.017090954
-0.028375816
-0.010970833
0.0698542
0.0042307307
0.0070987837
-0.10665045
0.018552229
0.024554366
-0.025675533
0.02858577
0.024125805
0.24075629
0.18847825
-0.01913891
-0.4518025
0.011497975
-0.013067414
-0.08311017
-0.022297166
-0.022254512
0.0011534295
-0.031945843
-0.031218575
0.052769586
-0.0008428592
-0.06846361
-0.024213068
0.09977371
-0.049307782
0.009400876
0.05347646
-0.28745848
0.03785661
-0.14509484
0.0071438504
-0.025938518
0.0665854
0.46591127
0.031645354
0.036405344
0.047548875
-0.01585788
0.10042552
-0.12900965
0.05571102
-0.032108467
-0.016664837
0.0018141882
0.030407583
0.020043954
-0.08012829
0.008500947
-0.05566713
0.07595513
-0.13784428
0.003240923
0.23549975
0.0055150148
0.5680837
-0.005824204
0.28057745
0.057430126
0.048249263
-0.1612528
0.048969124
0.0016544374
0.034466036
-0.118919745
-0.42991892
0.017297182
0.3617047
0.045694564
-0.013455787
-0.027339468
0.0025449444
0.37502256
-0.0173843
-0.010239828
0.042438753
-0.0014275835
-0.1845952
0.56929237
0.0071755857
-0.14717478
-0.028203571
-0.46526757
0.27823812
0.022129837
-0.11449767
-0.026542341
-0.009416901
-0.01868334
-0.14914258
-0.39826128
-0.021288058
-0.44394496
-0.20990315
-0.043760393
0.06480673
-0.0062972805
-0.117429085
-0.2886077
-0.008142323
0.041607525
0.008409582
-0.004209242
-0.037463397
-0.0033252328
-0.11148761
-0.088103384
-0.029312517
-0.47656402
0.0007666986
0.018637894
0.046214417
0.04395561
0.03317334
-0.02433449
-0.054865666
0.022510877
-0.05427502
-0.18425244
0.0015783717
0.03136674
0.0035323552
0.0076209563
-0.0083396835
0.5236758
0.0007281237
-0.04076952
0.023642208
0.023774972
0.055113286
0.018202392
0.0680873
0.16678716
-0.24532947
0.03389007
0.011701635
-0.032907322
-0.0026667584
0.18971838
0.04274071
0.022800812
-0.0048881588
-0.041111354
-0.08823304
-0.006469979
-0.123312175
-0.030508813
0.15660612
0.025912344
0.22060691
-0.206689
0.099337175
0.02763672
0.006465596
0.013943434
0.020252658
-0.04302609
-0.12662655
-0.025329703
0.040575
0.037371404
-0.02507143
0.0022258859
0.030899702
-0.02390773
0.018666476
-0.12718141
0.06495486
-0.011524225
0.017706402
-0.015500777
-0.029725505
0.24116592
-0.05255929
0.25246572
0.0271104
-0.033533186
0.13837995
0.01969682
-0.004223101
-0.012863216
0.008980603
0.042926595
0.071398735
-0.03133004
-0.003339927
0.02976989
0.02923433
0.03726909
0.33027843
0.0020358784
0.058052633
0.011188651
-0.04299633
-0.054128144
0.019068163
0.02220362
-0.030287411
0.12354361
-0.038651977
0.042491063
-0.015124175
0.021255
0.00052586413
-0.016158529
0.0043924344
0.039774854
-0.023946324
0.016461091
-0.088662095
-0.03351454
0.22247037
0.008871755
0.01854887
-0.027224155
0.064242676
0.006900602
0.015263453
0.016260274
-0.024447404
0.07752186
-0.12012538
0.047762778
0.04794724
0.09657102
-0.16910025
0.05872289
0.01202316
-0.32586125
-0.019495944
0.029738266
-0.030020317
0.0115629705
0.02439842
0.08879798
0.11638561
-0.5767696
0.004463896
-0.046259128
-0.25785094
0.0027515574
0.042589024
0.02121787
-0.01506194
0.019892622
0.04757899
-0.03671107
-0.22665921
-0.042276327
0.01577329
0.08545586
-0.014187245
-0.1701356
-0.09602975
-0.03419334
0.12564664
0.030812617
-0.0070857545
0.035816334
0.038014166
-0.37836158
-0.044188365
0.025812376
0.0022001732
-0.038996004
-0.06840469
0.010778383
-0.18024269
0.0031512973
0.033863083
-0.009375153
0.09224572
0.27792212
-0.024469823
-0.06576201
