-0.035813097
0.010148635
-0.02695813
0.07809155
0.08745526
0.10227633
-0.011131162
-0.010643231
-0.009503715
-0.10394829
-0.13013646
0.051842865
-0.05336077
0.014978042
-0.026715845
-0.04010305
0.07136666
-0.08782273
-0.7308207
-0.046484776
-0.05150317
0.14461534
-0.020118507
0.06501819
-0.08724565
-0.32860363
-0.031535704
0.048386984
0.114165366
-0.17730257
0.08861889
0.0404661
0.077854335
0.17281349
-0.2703756
0.10156468
0.15033288
0.10069255
-0.06337303
-0.68029577
-0.24303234
-0.0417446
-0.15349339
0.040427834
-0.046534922
-0.023378808
0.024331728
-0.06201051
-0.030195083
-0.058382858
-0.014847524
-0.2469937
0.11833368
-0.07297851
-0.020067625
-0.13715617
-0.04449894
0.014761716
0.24296771
-0.112468764
0.08778966
0.020551974
0.012575747
0.0023575525
-0.04426887
0.20043074
0.048658937
0.06527957
-0.5137254
-0.020009985
-0.044078935
0.15212683
0.1406587
0.102809876
-0.03334375
-0.011977769
0.11589036
-0.022163386
-0.06314102
-0.058912013
0.042028178
0.6266263
-0.27311411
-0.05043672
0.015435286
-0.009661043
0.053072665
0.4398032
-0.020812003
0.24300149
-0.026487008
0.72138643
0.07827182
-0.08611496
0.16164902
-0.088653125
0.2960564
-0.023494769
-0.04403911
-0.012810188
-0.008958995
0.03276725
-0.006783453
0.19040143
-0.13916942
-0.008311415
0.020263681
0.035345428
0.031082137
-0.21744746
0.28814626
-0.004692553
0.054727465
0.01748111
-0.051973626
0.026684463
-0.067841165
-0.26969662
0.15509811
0.011194958
-0.021554716
0.6817851
-0.10702939
0.049414568
-0.0072969557
0.07873569
0.0032107525
-0.019924821
0.030933293
0.02910941
1.0603378
-0.10334933
-0.04608777
-0.06759735
0.10138488
0.0129071195
0.029452024
0.33570635
0.12204502
-0.16789927
0.09299655
0.06921754
0.01982849
0.013038318
-0.021978017
0.013821264
-0.018094074
-0.017601669
-0.007680109
0.020639539
0.06038633
0.24582864
0.028744668
0.044969723
0.004279946
-0.1662153
-0.01522944
0.04251816
0.26228088
-0.022868916
0.93527013
-0.007874385
0.03551731
-0.08718509
-0.028957365
0.18917796
-0.06485474
-0.31190637
-0.020165367
0.02459999
-0.1697864
-0.14628366
-0.02210911
-0.03801813
0.015451982
-0.08850966
-0.022108153
0.032707915
0.071691394
-0.031699073
0.20141694
0.16851625
0.0106740985
0.034710955
0.101813085
-0.05270641
0.043921437
0.59793925
-0.04799337
-0.19836015
-0.06968137
-0.11634357
0.389284
0.05957163
-0.06659872
-0.007920114
-0.067168586
0.03490473
-0.02128691
-0.06259294
