-0.02541778
0.12461268
-0.0033997816
-0.11098117
-0.2119541
-0.033603374
-0.018141875
0.2826445
0.023233747
-0.01747194
0.12767358
0.14655766
-0.03339056
0.05942041
-0.08520814
0.15616514
-0.022660758
0.22313218
0.32952586
0.028684257
-0.058382504
0.39678416
0.11876579
-0.015480274
-0.036224745
0.03928032
-0.3138893
0.030805917
-0.1292489
0.006166954
-0.07269057
-0.12759009
0.10719119
0.18134417
-0.0714209
-0.019809715
-0.13492998
0.10208713
0.074420705
0.0830482
0.17912814
-0.11028746
0.0075425245
-0.12070682
-0.056692597
0.38989845
0.326067
-0.32456467
0.26239088
0.08783517
0.106043026
0.16012101
0.42858362
0.2393471
-0.05097974
0.1498936
0.26472777
0.037772853
-0.098582044
-0.03967065
0.025269134
0.06260764
-0.12686504
-0.07247143
-0.28631404
0.19497102
0.04642048
0.14387567
-0.0095401835
0.0077494136
-0.23154953
-0.15667781
0.02076342
-0.0725706
0.24754162
0.525788
0.07162516
0.06360809
0.04125216
0.18362096
0.028601235
-0.1323873
-0.088945135
0.34676203
0.41430473
0.15861328
-0.065890476
0.47941443
-0.07704088
-0.19423167
-0.097805865
-0.3148783
0.14152575
0.12468632
-0.024123758
-0.08761164
-0.13439442
-0.073779844
-0.1806119
0.15365024
0.031270817
0.23110235
0.27326906
0.05600933
0.029330848
0.27158985
0.13847047
-0.013182335
-0.024207812
0.028387733
0.10355493
-0.20112519
-0.09032671
-0.055610232
-0.17299213
-0.5082811
-0.23472708
-0.158098
0.012510875
-0.0023933775
0.47815895
0.107042745
0.33548096
0.02130178
-0.29278955
0.0602763
0.4219605
0.021781703
0.16392621
0.14499494
0.16906658
0.106193826
-0.08175231
-0.063982256
-0.29882315
-0.1273726
0.009862477
-0.00587882
0.12826724
0.16530076
0.12123582
0.15297224
0.020346135
-0.012894256
0.45272675
0.19068646
-0.12304822
0.112928994
0.26944995
0.1660281
0.35191315
-0.079451434
0.017954666
0.39002705
0.08508832
0.5499002
0.23656093
0.01913853
0.11416748
0.35188058
-0.031221475
0.18064058
0.10009206
0.016509091
0.0066457842
-0.009289329
0.103989154
0.10832194
-0.055045974
0.08613711
0.10926642
-0.19564031
-0.20752862
-0.103141695
0.3865687
0.04558606
-0.11221173
0.0004059234
0.028589848
0.05365752
0.054339115
0.05518461
-0.0004906305
-0.016714869
0.059377994
-0.08659588
-0.08150113
0.23260687
-0.12065322
-0.11279254
-0.00596022
-0.016235584
-0.17319968
-0.12729496
-0.058705807
-0.043323148
-0.12654816
-0.05463933
-0.06653113
0.16040136
