-0.30055156
0.027187956
0.020821903
0.028684653
0.32123634
0.5608154
0.39189848
-0.351496
0.057905752
0.14441253
0.36120138
0.2228074
0.033610363
-0.03750132
0.102032155
-0.0064700125
-0.028780153
0.20232841
0.017156744
0.07943451
0.24550101
0.07260985
-0.11098101
0.037485063
0.66486657
0.12357406
0.25133553
0.06375654
0.4308583
0.22929594
0.4159582
0.09579977
-0.028826052
0.39564642
0.21854286
-0.24690077
-0.04013441
0.10406565
0.14850542
-0.3061149
0.06668932
0.210891
0.15904014
0.0317012
-0.80702597
0.0640421
-0.042149134
0.22935545
-0.25689715
0.13326816
0.18894245
0.4482241
0.45466936
0.24352644
-0.13580437
0.41639364
0.45405835
-0.1976744
0.20550346
-0.10412508
0.5469511
0.35914144
0.26507357
0.055367608
0.31533226
0.05717912
0.736584
0.024807438
0.14728546
-0.052006233
0.15744068
0.056193553
-0.06700151
0.31905714
-0.017543564
-0.028250758
-0.13168252
-0.016215883
0.19536096
0.14419502
0.23158757
-0.064179085
0.1356257
-0.06454077
-0.00793987
0.01736322
-0.00432067
0.022652535
0.13331653
-0.11069742
-0.043895278
-0.082412064
0.044828378
0.29495436
0.7502579
-0.121135734
0.048550498
-0.04494319
0.12448595
-0.0012954221
0.13434407
0.34358287
-0.2881206
0.13835607
-0.18083735
0.3608796
-0.082884885
-0.05302408
0.10119306
0.15948457
-0.19091538
0.21879578
0.025836587
-0.038871873
0.18002096
0.33600265
-0.016756302
0.20397635
-0.01702713
0.069815
-0.055171218
0.25364438
0.05363189
0.18727253
0.34256348
-0.04804407
0.27398837
-0.1500687
0.036833815
-0.045809343
0.10763437
0.13655153
-0.017383775
-0.029661788
0.084423475
0.068978705
-0.0039549316
-0.0676537
-0.04329314
0.082595475
0.112561926
0.029114138
0.016874429
-0.0717606
0.42188847
-0.22500984
0.27490318
0.24745257
0.078102164
-0.25346977
-0.049112502
-0.01343831
-0.272519
0.24361856
0.09669401
0.27795872
0.11269195
0.2183247
0.06674385
-0.42000479
0.10664467
0.09860279
0.21788464
0.021985754
0.025577696
0.16999796
-0.16006221
0.5124128
-0.010546401
0.4711931
-0.09206445
0.651231
0.17631675
0.07221412
-0.20405541
0.024528282
0.032530177
0.14747179
0.25624076
-0.23920816
-0.58685774
-0.07369167
0.60527074
-0.2317969
0.090688474
0.42687508
-0.20996147
0.055898063
0.13512687
0.03963755
0.75606984
0.5009794
0.12699626
0.528381
0.25315118
-0.6219959
0.019676056
-0.095606275
-0.01905496
0.027638648
