-0.2720788
-0.5410645
0.038173936
-0.24421483
-0.09183638
-0.018888162
0.09819777
0.008296356
0.43939173
0.10097922
-0.07346458
-0.30435294
-0.1490494
-0.11118188
-0.36765823
0.09342967
0.104864694
-0.02947856
0.049317095
0.1637979
0.14389728
0.2132099
0.3413306
-0.01626786
0.21498016
0.14626381
-0.0075932154
-0.24701315
0.061107498
0.058915894
0.15442395
0.12905718
-0.15021029
0.2929418
0.049382348
-0.28927997
-0.6766034
-0.9034579
-0.45348853
-0.30190462
-0.07380008
-0.23539995
-0.067928374
0.00035227783
0.2850969
0.5316008
0.15022238
-0.049601406
-0.051989503
-0.042483233
-0.1572309
-0.00036878564
0.21632852
0.18409024
-0.059783913
-0.111996606
-0.70618206
-0.43358368
-0.0797086
0.14057225
0.025422255
0.2141413
0.27134562
0.20334335
-0.21224111
0.34657755
0.5002945
0.1402329
-0.07136466
0.028151548
-0.57591623
-0.24885152
-0.22041607
-0.2330598
0.030316863
0.23058566
0.16062811
-0.41664806
-0.2261731
0.43713146
0.29314467
-0.13182922
-0.2530558
-0.2884212
-0.7072741
-0.39925227
-0.14092025
-0.17877822
-0.07699474
0.21507809
-0.21561047
-0.5266265
0.278001
0.3696998
0.19969302
0.06867418
-0.10440623
-0.08158654
0.033334892
-0.6964548
-0.17802773
0.028364057
0.21933092
-0.16887437
-0.37897685
0.2942835
0.40801314
0.4581872
0.1562621
0.043367565
-0.10913784
-0.18155256
-0.30679837
-0.12281201
-0.23420282
0.14834826
0.021387717
-0.15201956
0.057659183
0.9078021
0.101889506
-0.11191024
0.029411329
-0.0022227005
0.1692695
-0.13589361
-0.2679781
0.017056873
-0.16238786
-0.04014837
0.3026372
0.22302252
0.5688306
1.3080422
-0.22027273
-0.11611676
0.3131514
0.398829
0.25541806
0.19000512
0.105733946
0.037672363
-0.08492785
0.28280827
0.25337166
0.8415064
1.353619
0.7371536
-0.7893179
0.009110728
0.09508467
0.38778767
0.04407239
-0.058542136
-0.1433015
-0.118013576
-0.34445864
-0.33623296
0.1196792
0.6808271
0.40935922
-0.2476502
-0.73282695
-0.26236078
0.115383044
0.047219746
-0.074583195
-0.14600545
-0.24838392
-0.23417908
-0.25044507
-0.11275018
0.04376255
0.17798668
0.06097157
-0.27768075
-0.6000038
-0.2997045
-0.36505988
-0.35405007
-0.18531886
-0.025361279
-0.28114197
-0.20592071
-0.21525653
0.137778
0.2027783
0.22569841
0.047331028
-0.3493024
-1.2853673
-1.1537163
-0.96320856
-0.6910931
-0.17901877
-0.020466965
