-0.018456848
0.31385794
0.028488541
0.03327428
-0.06988471
0.0012978025
-0.001568091
-0.3288779
0.0009634208
0.0025682675
0.037357688
-0.07782822
-0.009688224
-0.036186725
0.70800436
0.24852525
0.011894959
0.16991363
-0.012462788
0.18780912
-0.25781977
0.0063450034
0.039236404
0.01655576
0.12723166
0.0064959526
-0.07224215
-0.057662196
0.101213194
-0.16875546
-0.06816449
0.3793225
-0.06014941
-0.017577915
-0.050666653
-0.08169223
-0.0074506924
0.8532848
0.054686826
-0.010505447
-0.010440155
-0.0050128046
-0.1749249
-0.07890947
0.019489044
-0.0056662513
0.0304115
0.13901544
0.37019977
-0.0319467
0.46137628
0.0044854716
-0.046670742
0.0017051095
-0.059588656
-0.102696344
0.022475775
0.030685602
0.058968645
-0.10046119
0.16513231
0.014703072
0.065822944
0.026501186
0.019917576
-0.08209158
-0.077678435
-0.10684612
0.16576733
0.64954144
0.029745247
0.039675023
-0.06548766
-0.0585197
0.5135316
0.009306495
-0.07964021
-0.020057002
-0.101381555
0.98416543
0.10562232
-0.17104156
0.13793714
-0.03289608
0.064133324
0.018324316
0.04736138
-0.03242365
0.16834067
-0.046483036
0.076428585
-0.006661382
-0.041565247
-0.03484876
-0.066804655
-0.06117003
-0.078466974
0.17051037
-0.053690348
0.038276285
0.040368732
-0.59107363
-0.024382966
-0.036749907
0.062322542
0.013630257
-0.0070483997
0.1357351
0.024613615
0.1818401
0.16616333
-0.00084141374
0.06433152
0.5312576
-0.15690912
-0.22562256
-0.0025536357
0.02839408
-0.019485366
-0.7183137
0.6724949
0.00013009018
-0.0058025518
0.031370476
0.12694371
0.07613479
0.07238415
0.027728276
0.02303668
-0.6712506
0.21039283
-0.6426601
-0.006237357
-0.05254175
-0.07255347
0.06049338
-0.16379827
0.28113043
-0.11251237
-0.2817348
0.0055471137
-0.0075685466
-0.33611158
-0.022953277
-0.04490086
-0.0021958181
-0.016185582
0.533356
0.2438016
-0.06930061
-0.2074864
-0.321184
0.065381035
-0.03976287
0.080981135
0.00642433
-0.09359702
0.055295967
0.12662944
-0.07334941
-0.18690261
-0.00709329
0.078650676
0.027848765
0.12703446
-0.27033004
-0.010957607
-0.034877963
0.13497609
0.00068977417
-0.07564802
0.013891364
-0.14309359
-0.36406302
0.26164642
0.018116685
0.092899665
0.011854098
0.10618736
0.56983507
0.1294831
-0.17519702
-0.096580304
0.09314164
-0.02273785
0.23318458
-0.4066496
-0.0025851105
-0.20123746
1.106623
0.040952023
0.0722371
-0.0014514874
0.03351085
0.10165231
0.044037055
0.005062673
0.15545414
-0.013992919
-0.044915445
