-0.11284288
-0.00015043844
0.037977356
0.11627393
0.0020781697
0.030225255
0.05313758
0.12267352
0.0007850555
-0.14343405
0.07347459
-0.019101601
-0.00025292556
-0.0038986667
-2.7933982e-05
0.13182853
-0.004195204
-0.0013315387
-0.0009422391
-0.0010325507
-0.021697918
-0.0016923709
0.0015561391
-0.0046386034
0.0014425273
0.09638933
-0.0005264113
-0.00138474
-0.0017194567
-0.0016177004
-0.09130737
0.006705876
-0.21138516
2.7618109e-05
-0.0013905048
0.012926097
-0.011480602
0.07519166
0.00059835985
-0.15663114
-0.053363726
-0.09872919
-0.0032664197
-3.6627593e-05
-0.000729818
-0.014284147
-0.002554604
0.0016270481
-0.004304695
-0.0008324287
-0.08746715
-0.00067596283
-0.0013205765
0.0020178608
0.0013314445
0.10315014
0.0002865127
-0.003177686
0.0013756596
0.0019014558
