-0.06437677
-0.06740536
-0.1178637
-0.050403174
-0.04676373
-0.108074605
-0.07916169
-0.060880218
-0.0462952
-0.10267929
-0.03538802
-0.048417065
-0.10823225
-0.18723527
-0.107777685
-0.17582873
-0.047211017
-0.10301005
-0.13259783
-0.13263412
-0.059709575
-0.09662232
-0.08392513
-0.103513554
-0.09723442
-0.09729462
-0.060537405
-0.03925496
-0.123409584
-0.08481027
-0.085652724
-0.13579023
-0.18254332
-0.1934083
-0.1439159
-0.19451171
-0.16625585
-0.16261773
-0.2004424
-0.14025642
-0.21368131
-0.18848065
-0.17963724
-0.20898215
-0.24056512
-0.2008258
-0.2001402
-0.23507427
-0.25766954
-0.22208926
-0.2534084
-0.18789338
-0.10483052
-0.076559275
-0.0521115
-0.087415434
-0.11217573
-0.0967272
-0.15212351
-0.19050558
-0.23481697
-0.252443
-0.20464286
-0.15481247
-0.11395854
-0.18586816
-0.18732125
-0.23381834
-0.21531647
-0.22692508
-0.23949468
-0.25923476
-0.2711687
-0.25207543
-0.22535512
-0.2077699
-0.25191885
-0.21469668
-0.20794268
-0.22708538
-0.16490027
-0.23033287
-0.10662235
-0.11113115
-0.10571634
-0.09703994
-0.19884712
-0.27226886
-0.23662817
-0.19686405
-0.18263221
-0.13916832
-0.21933104
-0.23054084
-0.1883688
-0.26621157
-0.24346183
-0.26390395
-0.2542877
-0.2967756
-0.28122053
-0.26661927
-0.26802617
-0.20059317
-0.24780469
-0.25428948
-0.25508082
-0.2870789
-0.19839673
-0.25007507
-0.17046808
-0.10903119
-0.11317543
-0.25371152
-0.26973018
-0.3363665
-0.20156313
-0.13852532
-0.21189491
-0.19321345
-0.15018563
-0.2258251
-0.22965808
-0.2475263
-0.3106923
-0.25086352
-0.3120568
-0.30153957
-0.27743492
-0.25178292
-0.2332553
-0.19875838
-0.22687244
-0.21531816
-0.28993
-0.29928607
-0.2667539
-0.29566616
-0.23798896
-0.20095894
-0.09654871
-0.07928376
-0.30358723
-0.21434116
-0.1813044
-0.17058064
-0.17757417
-0.12381761
-0.16675502
-0.21363772
-0.218654
-0.22745255
-0.20732374
-0.22493859
-0.19970751
-0.15625374
-0.17856093
-0.11849679
-0.14864413
-0.06637977
-0.08026004
-0.18787909
-0.14445801
-0.23679397
-0.1993498
-0.272748
-0.26512784
-0.24452853
-0.08988816
-0.26491237
-0.27207986
-0.18334606
-0.19049986
-0.1475933
-0.15805374
-0.16809916
-0.1665122
-0.118139416
-0.17996511
-0.20533934
-0.08498394
-0.13486731
-0.102595724
-0.030616218
-0.11361719
-0.09672089
-0.0863464
-0.015310745
-0.09360434
-0.07342202
-0.1311818
-0.10271263
-0.21209897
-0.24256538
-0.2112514
-0.19902737
-0.14458542
-0.33163437
-0.2314792
-0.14537333
-0.14705218
-0.13355365
-0.14649616
-0.08501375
-0.13549912
-0.07799607
-0.116031826
-0.06997757
-0.01660698
-0.007655039
-0.040479526
-0.073645554
-0.081246585
-0.13000861
-0.109817885
-0.027661823
-0.05571297
-0.038330086
-0.090128236
-0.0922944
-0.17415138
-0.22739126
-0.22573484
-0.19753604
-0.24580544
-0.20151292
-0.18802601
-0.16922417
-0.15969619
-0.15772542
-0.08284374
-0.10968744
-0.05862061
-0.1452775
-0.092673235
-0.07554008
-0.05325272
0.015819732
-0.068807125
-0.043133724
-0.06244083
-0.111439504
-0.11011456
-0.052943207
-0.04139833
-0.053241555
-0.053120364
-0.15256415
-0.17446598
-0.18347368
-0.2844803
-0.19982783
-0.27104577
-0.21925423
-0.21205693
-0.20067076
-0.19172117
-0.124362126
-0.08848843
-0.07043363
-0.09158003
-0.10106485
-0.09679083
-0.054281097
-0.07510708
-8.903757e-05
-0.09034342
-0.088007815
-0.13857469
-0.09983323
-0.08382888
-0.13026385
-0.02624584
-0.060573045
-0.13980839
-0.15418679
-0.22827187
-0.2169688
-0.22398551
-0.26333338
-0.20790963
-0.2558664
-0.20783699
-0.13856855
-0.1216583
-0.10055979
-0.1013588
-0.068242
-0.08647258
-0.10927406
-0.120841146
-0.138989
-0.09181716
-0.062315498
-0.12724566
-0.08254172
-0.10483489
-0.08887307
-0.06809128
-0.043134805
0.0037248225
-0.07531058
-0.17095849
-0.16194807
-0.22927774
-0.23050004
-0.24285817
-0.24527776
-0.13520035
-0.24651192
-0.20788611
-0.1275161
-0.15216365
-0.09355865
-0.043088548
-0.08623462
-0.09662979
-0.048995666
-0.13786003
-0.18002234
-0.14239813
-0.16671881
-0.16079359
-0.13755387
-0.07455103
-0.06939576
-0.039761588
0.027178174
0.010548794
-0.09991608
-0.1240935
-0.2665356
-0.27395272
-0.27141833
-0.2544493
-0.29457474
-0.101383254
-0.09598765
-0.22121936
-0.21024328
-0.106229745
-0.09022893
-0.06091142
-0.0711513
-0.09590038
-0.07251052
-0.15585707
-0.062660664
-0.11339279
-0.14314866
-0.14419338
-0.050704405
-0.092881195
-0.033614025
0.062274612
0.08381789
-0.0034037933
-0.10225664
-0.11460112
-0.22123015
-0.22884215
-0.3021955
-0.2594304
-0.2412146
-0.24297358
-0.15865286
-0.20520821
-0.16552182
-0.15709499
-0.14939484
-0.075374685
-0.024589308
-0.03764374
-0.08652696
-0.047786664
-0.12047923
-0.12450918
-0.15018351
-0.045919444
-0.011738181
-0.095224164
0.055551592
0.13897584
0.0754333
0.034902662
-0.098400295
-0.1457197
-0.22893906
-0.2294703
-0.30447915
-0.27427596
-0.18512471
-0.19457418
-0.22020434
-0.15864217
-0.17742662
-0.1351768
-0.045617484
-0.028778845
0.008790187
-0.008209393
0.0043024775
-0.07233513
-0.056163583
-0.11335483
-0.09484066
0.017832572
-0.05622199
-0.055415943
0.063808374
0.052900888
0.07279309
-0.06436584
-0.13855968
-0.15115595
-0.20755498
-0.18594089
-0.23004238
-0.2039844
-0.1748581
-0.15366614
-0.1259848
-0.31843835
-0.27372673
-0.2384464
-0.13697329
-0.024779152
0.013634373
0.04701948
-0.015744809
-0.0935177
-0.018371982
-0.06358079
0.013200378
0.025964806
-0.047549542
-0.035084534
0.019408828
0.0192339
-0.013528681
-0.08565582
-0.112487994
-0.09001704
-0.13279426
-0.19625768
-0.16207391
-0.23987417
-0.12287341
-0.08601569
-0.28756234
-0.38510987
-0.27668938
-0.21467939
-0.14722848
-0.05025342
-0.075373225
-0.031205397
-0.06146138
-0.042638276
0.011490286
-0.0043693343
-0.036138155
0.002953159
0.01523049
0.0052823084
0.059204746
-0.037178967
-0.07580254
-0.053240534
-0.018237533
-0.06824767
-0.14965597
-0.19742303
-0.22933517
-0.25971752
-0.15589628
-0.051170725
-0.29593727
-0.3103086
-0.3428986
-0.2377106
-0.18172395
-0.15987465
-0.09984721
-0.10702533
-0.054380976
-0.009938053
0.0019158798
0.022129733
-0.07892691
-0.036039263
0.023631232
-0.00088746235
-0.031133017
-0.0832679
-0.07150085
-0.007977656
-0.07876553
-0.10103013
-0.085604616
-0.18989158
-0.14586519
-0.25689986
-0.20429443
-0.2665724
-0.3380965
-0.37706167
-0.345154
-0.29406697
-0.24771903
-0.14048864
-0.096361674
-0.12799695
-0.034051165
-0.059255943
-0.0101431
-0.10529795
-0.09620851
-0.039914716
0.006666881
-0.00094279554
-0.029296312
-0.096460626
-0.09565316
-0.09746326
-0.020871377
-0.11369108
-0.0784863
-0.16256468
-0.14786163
-0.17779379
-0.27219218
-0.19044179
-0.2994283
-0.3419571
-0.3397668
-0.2919069
-0.18816642
-0.1082643
-0.099075355
-0.098409034
-0.118857644
-0.097701706
-0.053413928
-0.117925175
-0.105415866
-0.07955773
-0.024988186
0.044155497
-0.02987361
-0.1161914
-0.091211416
-0.08066921
-0.083549105
-0.12235309
-0.12493913
-0.09705687
-0.18030089
-0.2542789
-0.31185997
-0.06120384
-0.26299873
-0.3791573
-0.2977244
-0.32446733
-0.25118697
-0.17248398
-0.12405887
-0.119877994
-0.061939098
-0.059941787
-0.098459214
-0.19257973
-0.14499281
-0.07208472
0.015414405
-0.022373768
-0.09146824
-0.08717852
-0.07193131
-0.08196748
-0.05589282
-0.095491566
-0.12492518
-0.13835002
-0.143463
-0.26594275
-0.29277477
-0.2618254
-0.30910748
-0.26351961
-0.28296828
-0.29186282
-0.30753523
-0.2303781
-0.16668807
-0.07638391
-0.14505467
-0.16225861
-0.112114966
-0.19921847
-0.10188317
-0.03403922
-0.017227672
-0.05351002
-0.12383519
-0.06984605
-0.08377076
-0.04322406
-0.052700255
-0.07745958
-0.11499035
-0.12681389
-0.20082653
-0.28600946
-0.22439726
-0.20676571
-0.25607952
-0.24671435
-0.2874757
-0.27808797
-0.29867044
-0.24031223
-0.21474187
-0.13733162
-0.10827923
-0.17514828
-0.14141743
-0.18008065
-0.062246945
-0.05909029
-0.012068869
-0.07738032
-0.06625425
-0.04994661
-0.081576616
-0.06358068
-0.06712626
-0.06944915
-0.15717725
-0.18419579
-0.17917022
-0.35338172
-0.19128402
-0.12859564
-0.06880277
-0.29317203
-0.30188054
-0.2528784
-0.23012264
-0.1797781
-0.18020777
-0.20160334
-0.123311065
-0.12303897
-0.16583154
-0.17387667
-0.15961434
-0.105549484
-0.04201971
-0.07178783
-0.106662
-0.028471703
-0.029846657
-0.0674282
-0.044791322
-0.10412619
-0.14803559
-0.17944694
-0.25005224
-0.2620685
-0.124973334
-0.06406296
-0.03293647
-0.24609216
-0.33640856
-0.3351414
-0.29638448
-0.26022106
-0.28571448
-0.23949155
-0.19676997
-0.17415014
-0.25672036
-0.19725679
-0.17067
-0.16561182
-0.10849337
-0.07603606
-0.07151997
-0.13185476
-0.067756206
-0.11330781
-0.08546828
-0.10920322
-0.10444578
-0.10960762
-0.22826616
-0.11883855
-0.104323365
-0.12398727
-0.03642763
-0.18910754
-0.28456327
-0.3374106
-0.37608358
-0.41662812
-0.3676198
-0.30040637
-0.21835873
-0.23512486
-0.24516225
-0.24071153
-0.17593193
-0.14149185
-0.121566325
-0.1791457
-0.18575326
-0.1478129
-0.10536109
-0.17642498
-0.13965924
-0.19439116
-0.18344004
-0.20244242
-0.09540741
-0.15338112
-0.045300372
-0.07959709
-0.1105266
-0.10945229
-0.20613188
-0.30444616
-0.4140337
-0.4255669
-0.3095857
-0.31306657
-0.2567512
-0.26176584
-0.27227598
-0.22025132
-0.1726126
-0.23771958
-0.20080894
-0.15974772
-0.1511743
-0.11176959
-0.1414165
-0.17080669
-0.1826566
-0.18407366
-0.23048675
-0.17464463
-0.27539888
-0.08642277
-0.034155067
-0.08128396
-0.10567984
-0.03836795
-0.08148985
-0.28312898
-0.35618228
-0.30979416
-0.32957262
-0.25889203
-0.24962579
-0.22525862
-0.2228106
-0.2059859
-0.24610524
-0.20258315
-0.20909859
-0.17513318
-0.15867718
-0.124343514
-0.15607037
-0.18262316
-0.14520182
-0.10737965
-0.18648306
-0.09893583
-0.06946558
-0.076754086
-0.057206687
