0.12067858
0.13278341
-0.13024364
-0.13419011
0.20820282
-0.40673015
-0.34905174
0.21889333
0.055857338
0.040038273
-0.054240823
-0.1029002
0.12340956
0.068598755
0.08324407
0.25203985
0.6618312
0.027356297
0.246497
0.09184966
-0.08619788
0.013296822
0.013280337
0.0073087146
-0.21169168
-0.013722141
-0.1401979
-0.11115868
-0.07306815
-0.03499803
-0.22871281
0.16264857
0.24772081
-0.023212459
0.15699095
-0.03452727
0.16242516
0.043249954
-0.09145295
0.22899532
-0.007531215
0.14752859
0.13743447
-0.019397782
0.12671217
-0.28093466
0.07779683
-0.112358905
0.049676698
0.018727085
0.20957969
-0.05469828
-0.03642167
-0.0722755
0.034634743
0.10957945
0.010558841
-0.5186192
0.018161582
-0.06489092
-0.06438157
0.34160295
0.08490737
-0.014845879
-0.038485706
0.21187155
0.094996095
-0.019166745
0.040665437
0.04182243
0.26356286
0.6708008
0.007999866
-0.2252
0.26014197
-0.08579143
-0.14792375
-0.15448076
-0.09163125
-0.01833458
-0.15942277
-0.06608984
0.09952123
-0.08777604
-0.34070414
-0.09634458
0.22760287
0.033379495
0.1189101
0.042650692
0.46141198
0.063586034
0.268544
-0.15467486
0.10177767
0.0042562853
0.13485858
-0.020164868
0.114257574
-0.122686744
0.16085055
0.21007176
-0.090454824
0.12606393
-0.063558824
0.01872901
0.11668982
0.03355704
-0.33245507
-0.17184122
0.05149009
0.028931996
0.5268696
-0.043926585
0.13234437
-0.06315932
-0.09060663
0.5304175
-0.10213425
0.13277897
-0.2697655
0.1599821
0.09148559
-0.029984483
0.0829175
-0.09612283
0.008398446
-0.017242936
-0.22620824
-0.018990556
0.1268671
-0.26584035
0.042652603
0.24808903
-0.09189693
-0.11725136
-0.06430374
0.087393716
0.059792638
-0.16646577
-0.32319742
-0.07376982
0.65410566
0.011071941
0.064870104
0.0700292
-0.13521919
0.34398997
0.11723717
0.18559474
0.4240672
0.18081786
0.53528714
0.30458215
0.2627563
0.25906265
-0.11090099
-0.15886238
-0.10915953
-0.15678926
-0.06772229
-0.14106728
0.72204804
-0.02976182
0.16125871
0.19462301
-0.13695928
0.037363537
0.44406456
0.029562335
0.050498106
-0.03781229
-0.033913203
-0.011470598
-0.17924729
0.5770978
-0.05671482
-0.032425858
-0.028173408
-0.009788581
-0.034748644
0.12979008
0.008304101
0.20522018
0.29755047
-0.04819196
-0.017292451
0.24401347
0.3179028
-0.102487355
-0.02883077
-0.05748924
-0.10546904
-0.15790832
-0.23526555
0.25218812
0.03390753
0.14838035
0.098761596
0.322406
