0.13933156
-0.053870317
-0.03712502
0.022365872
0.04381015
-0.21143739
0.11651729
-0.18963319
-0.118248306
-0.02758324
-0.034089684
-0.08722729
-0.031001521
0.006433388
-0.062463887
-0.064325415
-0.038695995
-0.067748226
-0.0064703
-0.012528393
-0.047841605
-0.030802727
-0.17975684
0.05934226
-0.034840148
-0.19255978
-0.012070389
-0.0052800975
-0.075517334
-0.075177334
0.02568878
-0.05374018
-0.08047177
0.19469683
-0.020830054
-0.02291168
-0.067785166
0.053449202
0.07046403
0.19197157
0.057080362
0.092072375
-0.060926992
-0.3441078
-0.04004137
-0.062822536
-0.08703916
-0.039771166
-0.030409476
0.051734578
-0.23002309
-0.03665755
0.011068733
-0.04177505
-0.020219581
-0.018069904
-0.06477755
-0.06805356
0.17828447
-0.3026137
-0.07614995
-0.1049295
-0.21183035
-0.040537465
-0.02294434
0.026981471
-0.027822955
0.012035504
-0.034870446
-0.09461589
0.051646404
-0.07306872
-0.025479732
-0.084278785
0.2077667
-0.063085586
-0.062266596
0.11461933
0.13149668
-0.08076721
-0.07566543
-0.053410757
-0.08863478
-0.0393681
-0.071164235
-0.040478162
-0.013309623
-0.019340772
-0.029072009
-0.06577093
0.03679805
-0.0463041
0.0026398534
-0.070975505
-0.06546702
-0.028530547
-0.025835935
-0.054781616
-0.083823994
0.11963168
0.11863559
0.0012148188
-0.03350917
0.082774244
-0.06750672
-0.13074714
0.008508265
-0.035133835
0.07226746
-0.082243174
-0.061901066
-0.033990208
-0.103373624
-0.06468956
-0.00078140857
0.05699373
-0.066186726
0.1664698
-0.026472608
0.024550613
-0.06643681
-0.10462899
-0.0018167614
-0.066070355
0.007800569
-0.044544924
-0.08066452
-0.37987262
0.061891634
-0.067361236
-0.078850955
-0.046933644
-0.09141221
-0.10556421
0.17017221
0.12091338
0.00087109854
-0.032833703
-0.013700721
0.09946674
-0.12454763
-0.032104515
-0.015001625
-0.06773548
0.024592891
0.21963146
-0.040162917
0.24077983
-0.05453373
0.13433395
0.03355855
-0.06231274
-0.17131734
0.05389847
0.07666542
-0.09449174
-0.008900502
-0.048188765
-0.085596815
-0.034418117
-0.34735984
-0.062273707
0.06620262
0.0676906
-0.078904815
-0.11727731
-0.37017396
-0.04856417
0.009740147
0.09341326
-0.076408185
0.008745064
-0.08059798
-0.06386212
0.027793396
0.13858296
0.13957585
0.07226504
-0.025166709
-0.073493555
-0.26673165
-0.07712098
-0.09764641
0.14272703
-0.09582664
0.020906823
0.14853755
-0.07771106
0.057076655
-0.045857932
-0.035250332
-0.07250887
-0.096449
-0.014027342
0.15003256
-0.10598368
-0.104013
-0.0017822627
0.002513858
0.19889212
