-0.24649154
-0.062077776
-0.01468486
0.061623864
0.023233151
0.027025612
0.034678902
0.01047696
-0.024064321
-0.116775155
0.0065549873
-0.06373388
-0.13725251
-0.19816332
-0.21533635
-0.019746516
0.0023829525
-0.11910931
0.05990078
0.059428286
0.015155111
-0.016623808
0.054476056
0.033696733
0.13049713
0.13056573
-0.016816217
-0.0453995
0.0024563794
-0.1712148
-0.025355736
0.17411251
0.09345179
-0.036396023
0.0009737938
0.064712636
0.29449955
0.26188836
0.077547304
-0.10286984
-0.021850869
-0.15523654
-0.072523594
0.09179847
0.06721324
0.18065917
0.21069269
0.06819923
-0.038119595
-0.045952037
0.27475488
0.20418158
0.1776618
-0.06684226
0.026125494
-0.25464946
-0.16978317
-0.049488593
0.17745583
0.12800255
0.14019926
-0.0056510093
-0.007220469
0.055428695
0.43627548
0.27506998
0.14453804
-0.15839922
-0.17708337
-0.32473308
-0.08913736
-0.01708108
0.11711895
0.18613802
0.08652928
-0.07914828
-0.20361
-0.1569044
0.3722965
0.28349245
0.1551542
-0.08372261
-0.31204337
-0.26657802
-0.026523689
0.033053122
-0.007852016
0.13178675
-0.066526875
-0.04875642
-0.19213888
-0.08795149
0.39052424
0.3050236
0.11374201
-0.15275198
-0.25086957
-0.11486355
-0.22307314
-0.0014385304
0.019719219
0.033048794
-0.019765226
0.033660755
0.03780245
0.13028683
0.25586668
0.21655227
-0.007793576
-0.075783096
0.032070406
-0.12929901
-0.17892453
-0.10910687
0.055146955
0.12856229
0.1288608
0.20884974
-0.06889894
0.076878875
0.030060071
0.10728356
0.017351244
0.00827221
-0.0069906805
0.07909531
-0.23713747
0.11972809
-0.09577483
0.082743056
0.12529771
0.098179646
0.12514262
0.12327474
-0.16546193
-0.03959941
0.14601384
0.06797311
0.18117896
0.06721064
-0.20584306
0.040060576
-0.15907645
-0.15545787
-0.0018646797
0.08397023
0.19752671
-0.026244601
-0.06030263
0.017936006
0.19633384
0.15265487
0.18205333
-0.07724383
-0.23288777
0.0077916607
-0.09325517
-0.2212907
-0.026982069
-0.027704248
0.08252798
-0.2348653
-0.10723211
0.19952121
0.3048255
0.14614376
0.08428563
-0.034556843
-0.22520259
-0.193913
-0.20753875
-0.20663628
-0.15680766
-0.09387503
0.008486614
0.025364202
0.09240373
0.18859416
0.10786765
0.0039371084
0.036026694
-0.051306598
-0.09246133
0.091705255
-0.15105724
-0.0854886
-0.11846788
-0.07261655
-0.037989426
-0.15995833
-0.11207236
-0.03082393
0.052032933
0.006048234
-0.16497989
-0.1461792
