-0.06754686
0.15128927
0.13848944
0.07915524
-0.14332406
0.076338544
0.05072351
0.05841777
-0.26924363
0.109475315
0.063106656
-0.028249683
-0.21246423
-0.427657
-0.08636977
0.13572286
-0.10722251
0.5927206
0.6542345
0.18705975
0.08812476
-0.06918889
0.056082882
-0.3302813
0.044235904
-0.03502315
-0.03302772
-0.0075368932
0.63657576
-0.08167245
-0.020386841
0.09129158
0.1153898
0.009131855
0.1032049
0.07389297
-0.133222
-0.0034888913
0.2778316
0.06427354
0.09720201
0.12706542
-0.072134875
0.26034656
0.12075455
-0.020539206
0.20111458
0.44104168
0.26753667
-0.31719843
0.020140806
-0.027100146
-0.055323955
0.54393816
-0.107115075
0.094823144
-0.10080812
-0.108558364
-0.06581546
-0.10506074
