0.21219921
-0.11869844
0.10186212
0.16337056
0.14020984
0.3465
0.16754517
0.37436122
0.18992552
0.088730834
0.14759926
0.1698539
-0.05804754
0.28081387
-0.057736594
-0.015797095
-0.25544357
-0.11195833
-0.18629652
-0.08070112
0.3113689
-0.31981727
-0.09388654
0.119989365
0.36804608
0.43701407
0.17844836
0.07964733
0.33314577
-0.016622031
0.15755066
0.35009164
0.026276276
0.1653332
0.15992184
-0.06942157
0.22302845
-0.10490794
-0.047246836
-0.022868121
-0.122777514
0.11351091
0.33960155
-0.0067968024
0.14535296
0.10361525
0.20321557
-0.11170475
0.15462324
0.40299895
