-0.1623803
-0.063894026
0.17648707
0.057192687
-0.33579347
-0.07960773
-0.07183546
0.40653473
-0.076886974
-0.07569233
0.15548041
0.17057781
0.012993618
0.76256037
0.28910196
-0.16756298
-0.07463839
0.12906437
-0.4213405
-0.26213655
-0.026095385
0.11299139
-0.21805169
0.29371172
-0.17114876
-0.08284888
0.63650906
0.6930742
-0.01802749
-0.10844607
-0.067235485
-0.11637615
-0.09424107
0.045376852
0.020810528
0.35669142
-0.15470906
0.09751434
-0.040438455
0.18139268
0.19795504
-0.018457413
-0.029223312
-0.07142498
-0.05960904
0.034404863
0.25576895
0.7281556
0.06603088
0.09613466
-0.058037706
0.034351464
0.119744614
0.23988564
0.8054324
0.005443694
0.2546471
-0.024986506
0.4894638
-0.015354317
0.02897699
0.1513952
-0.047972888
-0.10736558
0.1162319
-0.102256685
-0.27792445
-0.049302325
-0.23073544
0.08268975
-0.10830523
0.33384687
0.55067927
-0.20210549
0.114390604
0.36146307
0.17279026
-0.08944868
0.057935
-0.023583638
0.2966048
-0.063572794
0.40553233
0.021736259
0.22924246
0.18068834
0.23695211
0.113695346
0.0058630854
0.062470563
0.1099924
0.09243679
0.38537797
0.00855582
0.014598634
0.09388498
0.16656987
-0.046299133
0.045194566
-0.009412183
-0.07440914
0.13731535
0.055298112
-0.07136268
0.46965814
0.16783088
0.12948912
0.15149781
0.16911802
-0.16229153
0.13527171
0.15871318
0.24818897
-0.019483838
0.15703648
-0.039042428
0.08206506
-0.009015443
-0.09561073
0.024752077
-0.06700397
-0.039411254
0.17615594
0.1355976
-0.0800343
0.4200284
0.0727048
0.018648118
0.13677871
-0.034768328
-0.0604579
0.15251757
0.15638101
-0.032491323
0.07948129
-0.099805966
0.28941613
0.40529725
-0.11264226
0.11972889
0.003665249
0.1735743
0.088651426
-0.22555938
-0.64294463
0.15663606
0.092619956
-0.22625239
0.08642949
-0.18518977
0.33370945
-0.09757168
0.11840439
-0.16841581
-0.3900837
0.05209839
-0.16349152
0.22893393
0.0059480835
0.26962367
-0.061798714
-0.049857374
0.11589881
-0.03524528
-0.0011048977
-0.09809711
0.046896875
0.25263697
0.12823875
0.17735794
0.12690873
0.02023393
-0.011442637
0.11554023
0.06990146
0.31752598
0.25144514
0.25966883
0.0019763357
-0.03453336
-0.020571038
0.36369458
0.24823804
0.0429275
0.15528333
0.083738305
-0.07865864
0.101991266
-0.02966815
0.25739944
0.16675878
0.0057353103
0.27420697
-0.34211114
0.3083574
-0.10616494
0.1262388
0.347362
-0.03159747
0.4841108
