0.09758629
0.0003914911
0.019248078
-0.026962211
0.00021190118
0.0019983987
0.00027455948
0.001153777
0.0042734845
-0.056792725
-0.0005198515
-0.0002037691
-0.0019349329
-0.001377151
-5.3296102e-05
0.0015335771
-0.0014764386
0.0009960951
-0.035651524
0.0025028898
-0.0001262168
0.009775983
-0.013391453
-0.03470815
-0.0029934547
0.018091258
0.00457515
0.0013104373
-0.00056370423
0.00032034898
-0.0012650657
-0.0021043972
-0.0005646971
-0.00048394082
-0.06130346
0.0007922171
-0.048839204
-0.037656855
-0.00048599
0.000685421
0.0018836197
0.0025230793
-0.0022586957
0.026242418
-0.08480536
-5.259562e-05
0.027575012
-0.00018357938
-5.4522145e-05
-0.0022668687
-0.03675179
-0.002078983
0.0010621875
-0.034818206
0.00042948645
-0.0030334655
-0.00050646916
-0.0012450976
0.00022404571
-0.04639376
0.08684184
-0.0006453525
-0.0016330058
0.0012498803
-0.00216591
-0.022646733
-0.0053708255
-0.0015440421
0.07117382
-0.0025767146
-0.0078527415
-0.0031887845
0.112116575
0.0013094957
0.0002015165
0.0015542939
0.0006070263
-0.01726039
0.0014065299
-0.03179811
-0.025291307
0.08134343
0.046326946
-0.0036673888
0.0015973101
0.09012159
-0.00038478046
0.00083965214
0.0014269664
-0.00060745317
4.0091352e-05
-0.0639895
-0.0326866
0.001235206
0.0006784115
-0.00033182753
-0.0016566938
-0.00785695
-0.0001799302
0.0011499854
-0.001430489
0.0006566047
0.00012322023
0.0021174059
0.048993424
-0.001148482
-0.0019150488
0.05296365
0.00091244245
-0.0963481
-0.00096039305
0.0016919744
-0.036567032
-0.0007815037
0.0011386196
0.0018500213
0.010710174
6.689167e-05
0.075729944
0.002460093
-0.0010685415
-0.057205476
-0.0020503227
0.0005424764
-0.00026625264
0.00015175347
-0.0013055645
1.9764553e-05
4.354774e-05
0.0016546835
0.00041093727
0.017663017
0.050309572
-0.001614092
0.00012931619
-0.0014077636
-0.001409436
0.0039028726
-0.00025957922
-0.0018492803
-0.0021959266
0.0030103954
0.039770644
0.00041705318
0.0001430267
-0.009132164
0.0015330114
-0.0032117092
0.025130266
0.00037977114
0.0056429775
-0.012525807
-0.0016722023
-0.0021108417
-0.019159893
-0.0009388819
-0.0016675032
0.010111765
0.00077227724
0.047699686
-0.09471044
0.05233557
0.00010209376
-0.0010322002
0.03536924
-0.045137517
0.0009614113
0.0009579968
0.0006765858
-0.0017128838
0.04487695
-0.012200975
-0.0015370138
0.0013082237
-0.031717457
-0.002481701
-0.00052660663
-0.044372614
-0.086459294
0.0014982774
0.018677123
-0.013035952
0.027135776
-0.088429786
-0.0009858898
0.0032756487
-0.0017204405
-0.045389097
0.015678855
0.013013295
0.044187367
-0.103054
-0.0013397195
0.028361805
0.00057821965
0.0018182016
0.06393425
0.04924876
-0.0032372354
0.0003644561
-0.13100326
-0.005058787
-0.005505256
0.062075716
0.0017380059
0.0009771453
0.00110006
-0.0014550631
0.009221574
-0.040843684
-0.002308656
-0.00053374434
-0.0010753605
-0.00083795626
8.958643e-05
9.1254355e-05
0.00010855167
-0.0008547257
0.103231244
0.0023918177
0.001051556
-0.051273324
-0.0068265386
-0.023206351
0.000546542
-0.06937333
0.0015498744
-0.0022506274
0.0017894461
-0.002164127
0.0014263546
0.0023592145
0.0009007203
0.0004032887
0.052558623
-0.00074994843
-0.029951183
-0.013748677
-0.00036229406
0.0018924975
-0.00034310026
0.0007173812
0.0055113905
0.019249571
-0.016773602
0.00032931907
-0.09911411
0.00081594224
-0.0021974177
0.0013722036
0.032188356
-0.0003542507
0.0032286318
0.043512244
-0.0001004165
-0.0033221128
0.00048337472
0.00046335964
-0.00060206885
0.07908859
0.03869699
-0.0007747495
0.0018315269
-0.0016316653
-0.00036711644
-0.04754367
-0.007609704
-4.7716156e-05
-0.0010625412
0.0013550019
0.010910973
0.0010981173
0.110764064
0.0012035641
0.00024228434
0.0028409734
-0.00094106427
-0.0045859427
-0.00038703607
-0.07775772
-0.025160145
-0.14043967
0.039633922
0.0022956126
-0.0002807145
-0.022686655
-0.0048547764
-0.0009954601
-0.00040501685
-0.002872586
-0.0022891443
-0.052317698
0.028603489
0.00047931663
1.4918716e-05
0.0030627844
0.0015276701
0.0031717308
0.0005365978
-0.0004009316
-0.00053116353
0.0008564453
-0.00023304767
0.0015743092
0.019528734
-0.0009069101
0.0030450104
-0.026477305
-0.0032004297
0.12368665
-0.0014506145
0.0006053791
-0.038094822
-0.001815025
0.0014375434
-0.0036241165
-0.009101601
-0.000617395
0.07972895
0.0026443822
-0.0006203678
0.013189742
-0.00016763093
0.0022038904
-0.0034008704
0.0007925901
0.0007938687
0.0017134923
0.0007134049
-0.0009798296
0.0014152373
-0.02739124
0.037532836
-0.0008047709
0.00034720427
-0.0012503687
-0.02238851
0.0013990536
4.0377585e-05
-0.0018768116
0.0027260182
-0.00019091989
-0.112583436
0.0028267698
-0.00048382257
0.010415064
-0.0005370616
0.0010439635
-0.037536386
0.0010503546
0.014641913
-0.022041235
0.00036588236
-0.001121265
-0.017336925
-8.874869e-05
0.00049910357
0.048614215
-0.0015330425
-0.03993492
0.14427195
-0.10141837
-0.000517135
0.00042745957
-0.036916774
0.07362628
-9.188116e-05
-0.0005060294
0.002537818
0.00045552704
0.04728395
0.109603435
0.0006688945
-0.0025569943
0.017846175
-0.0023723252
-0.00039219667
0.07637428
-0.08411368
-0.0011395997
0.03150857
0.022746738
0.0260609
0.03355235
0.0002577736
-0.0009429839
-0.000837969
0.059147842
0.02131552
-0.017155223
0.07404509
-0.094275326
0.0019574556
0.017346466
-0.0021225822
0.00055405527
-0.09042745
-0.05273644
-0.0008711375
-0.0029946875
