-0.0831709
-0.03637184
-0.20763502
-0.23217812
-0.20645165
-0.19844982
-0.22250225
-0.24841961
-0.1786658
-0.1680365
-0.20764895
-0.17259274
-0.046373233
-0.058282312
-0.07055866
-0.19188716
-0.2201774
-0.12631845
-0.116475254
-0.20800875
-0.1726437
-0.14695552
-0.09465755
-0.10659027
-0.116783835
-0.11213063
-0.2178514
-0.18426767
-0.08488246
-0.2774343
-0.16352181
-0.08537296
-0.14784437
-0.10797283
-0.027036116
-0.035034817
-0.0322986
-0.009486664
-0.103681974
-0.13469936
-0.20669086
-0.16432554
-0.38851595
-0.3249824
-0.22366071
-0.12795785
0.015612499
0.019935377
0.04960208
0.094887994
0.052433454
0.017622532
-0.0531165
-0.10448841
-0.16718076
-0.15640134
-0.3868284
-0.3176707
-0.20556723
-0.07142315
0.037062272
-0.015316573
0.024651758
0.015358923
-0.040948328
-0.012005427
-0.0009187722
-0.1146526
-0.21510707
-0.29799262
-0.39813405
-0.24585453
-0.17425352
-0.06503662
0.067252204
0.053852398
-0.05464461
-0.05312326
-0.011008822
-0.064465925
-0.04081723
-0.09938902
-0.30222017
-0.2425218
-0.27644247
-0.25625816
-0.1771982
-0.022116188
0.05227308
0.108412206
0.025553884
-0.015409123
0.11786974
0.03678639
0.031072259
-0.02282117
-0.23577973
-0.22725852
-0.3068136
-0.23696916
-0.18004987
-0.0108625805
-0.013793322
0.052724548
0.07578879
0.036394335
0.109409206
0.07130312
-0.02119381
-0.057744738
-0.16022846
-0.1320176
-0.26698455
-0.15841874
-0.09827593
-0.12697324
-0.030786121
-0.006879318
0.009043786
0.033832654
0.03871844
0.0508395
-0.07646038
-0.015861578
-0.07012338
-0.16792896
-0.25869706
-0.11831594
-0.093065314
-0.067857146
-0.023088466
-0.04116871
-0.038553223
0.01763345
0.076345235
0.06794779
-0.032488436
0.05620457
-0.01204353
-0.096772976
-0.21986073
-0.11648386
-0.078870445
-0.047768097
-0.010000958
0.04506693
0.018742036
0.018712433
0.05183832
-0.005056695
0.030762745
0.028522171
-0.052576937
-0.17766745
-0.14907116
-0.10603672
-0.11580672
-0.02531623
-0.03393063
0.011039328
0.07973447
0.02527481
-0.042059362
-0.10787085
-0.07102467
-0.08470055
-0.13626778
-0.25252712
-0.035362817
-0.18586738
-0.24051462
-0.23299682
-0.13260114
-0.10870996
-0.043491755
-0.19718423
-0.23348646
-0.1951573
-0.2075729
-0.23489891
-0.28489628
-0.15465505
-0.084639005
-0.19683936
-0.33691972
-0.28100866
-0.24946955
-0.20554659
-0.3298063
-0.36606118
-0.38341272
-0.33526948
-0.2964376
-0.30841962
-0.2754905
-0.023681287
