0.06343451
-0.0139806215
-0.045864567
-0.4222109
0.06600732
0.112747446
0.05094631
0.0918986
0.1783833
0.021295302
0.030269818
0.1744726
0.07916451
0.12557602
0.0063113985
0.17146143
0.005494194
0.05684268
0.0072347783
-0.013114834
0.030890305
-0.03368527
0.10516439
-0.050887965
0.2466273
-0.0030619993
-0.067743264
0.0054496233
0.00648476
-0.011360749
-0.074913785
0.013451158
0.13617875
0.0020785746
0.02563667
-0.07831474
0.029491154
0.042965323
0.23544765
0.06888652
0.06234272
0.10191075
0.040221244
0.035814136
0.10112252
-0.0121292835
0.052479208
0.03259677
-0.04911786
0.01592084
0.06286199
0.07040041
-0.07858056
0.030607777
0.04588971
-0.05519506
-0.043144528
0.009197521
0.14901285
0.15645653
-0.012030689
0.09158192
-0.054900818
-0.06805979
-0.34472758
0.055533048
-0.46784332
0.009600042
0.14359146
0.065127596
-0.088716
0.03201128
0.09906073
0.06825853
-0.017009988
0.12408124
0.13510533
0.055248447
-0.0012174118
-0.07980189
0.064832285
-0.049671788
-0.034935363
0.13601196
-0.016192202
0.03824782
0.10250689
-0.008843387
-0.017961508
0.11116389
0.102719724
-0.07759077
-0.04941715
-0.041316263
-0.06853988
0.012674851
-0.024347574
-0.12884468
0.075570054
-0.0011410611
-0.05513828
0.06757983
-0.04188614
0.17793602
0.10552971
-0.032391142
0.15518208
0.103202865
0.026690507
0.024471058
0.0412179
-0.018438438
0.2136691
-0.038297046
-0.09364247
-0.0034638192
-0.031443786
0.057918653
0.12010437
0.097130716
-0.030162748
0.027401932
-0.051601317
0.0042982055
0.065516725
-0.004526533
-0.028959192
-0.04555117
-0.07531071
0.21209389
0.024358265
0.01774361
-0.08720976
-0.051354174
-0.017782653
0.18474711
0.1884096
0.2039888
0.2255537
0.053863645
0.07957201
-0.02854632
0.013389178
-0.11156533
0.080180965
0.041023005
0.09822849
-0.070744455
-0.029534876
0.1566617
-0.045620672
0.02186039
0.17460182
0.052633904
0.17860639
0.11763897
0.08651283
-0.03595496
-0.018381484
-0.057002876
0.12361141
-0.052840266
0.04529721
0.06525138
0.1645122
-0.110499635
-0.008771177
0.07469607
0.2185388
0.08256759
-0.041693512
-0.030994294
-0.092293926
-0.030631788
-0.058762904
-0.020323355
0.05901532
0.22448145
0.18002993
0.004471069
-0.29914087
0.19261259
0.12674299
0.12318205
0.040620692
0.105661154
0.13511832
0.06968586
-0.005721527
0.108856626
0.13129169
-0.011167855
0.013026779
0.18708201
0.1217712
-0.094519496
-0.025109489
-0.083744645
0.15285075
-0.043641213
0.12369774
0.031746306
0.107084654
0.0662606
0.051278226
-0.059982665
-0.029450553
-0.011430046
-0.028984722
-0.051009633
0.0007309034
-0.029731551
-0.12934057
0.16440415
-0.0058644665
-0.04152624
-0.09348388
0.19856063
-0.00056857587
0.01792322
0.14422005
0.11640123
0.06550395
-0.03254099
0.09387392
-0.02631777
0.135994
0.2105323
-0.06682927
-0.011495478
0.17170559
0.13468444
0.13814202
0.06844716
-0.02121994
-0.02097826
0.0015131141
0.06965812
0.09362525
-0.06355277
0.04159305
0.11207038
0.1396726
0.030719614
0.0011797382
0.07400541
0.030980384
0.06070766
-0.008807398
0.15433882
-0.48591697
-0.06083514
0.11366991
0.18487944
0.1252319
-0.36048248
-0.05114333
0.060456544
-0.09277837
0.1921783
-0.015344853
-0.0069005103
-0.08306341
0.046641055
0.0175442
0.31220582
-0.070386276
0.016088106
0.02421832
-0.07217118
0.067712106
0.042239327
0.0073670773
-0.105072044
0.007370484
0.025953306
-0.012616463
-0.07939614
0.11146194
-0.07086686
0.12656242
0.17894599
-0.0046783304
-0.01749084
0.12035285
-0.5281619
-0.046184067
0.0012772507
0.09287039
-0.06922542
0.027818233
0.15711166
-0.072319426
0.007380083
-0.00087914366
0.17487383
0.1084407
-0.034691088
0.060962964
0.07206936
0.19016407
-0.0009376545
0.05384248
0.17367579
0.08530822
0.11933
0.040317416
0.020261599
0.07148778
-0.02215637
-0.01594907
-0.068594165
0.024188615
0.027127847
0.08250148
-0.05160373
0.21580344
-5.8668415e-05
0.16551122
0.14401332
-0.2635942
0.065494694
0.05119331
-0.012340852
-0.0072921915
0.0058889347
0.076964065
0.0490261
-0.054768432
0.10044924
-0.100315936
0.04284019
0.122613445
0.08492918
0.19790876
0.13843329
0.0015371935
0.21804613
-0.016760582
0.033473726
0.046149593
0.011026261
0.02890906
-0.28161266
-0.17449595
0.11680188
0.1382977
-0.10058691
0.1748768
0.05256664
0.040625867
-0.07871368
0.11583922
-0.052153137
-0.056992795
-0.038833342
0.03895492
0.039902035
-0.019159121
0.09353481
-0.037873123
-0.07814071
-0.05009426
0.17153727
-0.07617556
-0.07489354
-0.046538908
0.09777837
0.13877808
-0.010258989
0.13434683
-0.0050847596
-0.085359134
0.14977534
0.17132281
0.025605073
0.029149694
0.12362341
-0.007790902
0.07251836
-0.3191109
0.07834975
0.016219446
0.07241801
0.07317954
0.04600162
-0.021377688
0.006811136
0.060010143
0.040112875
0.05028785
0.014369509
-0.119784474
0.042082038
0.062122867
-0.056756087
-0.19600558
-0.020582218
0.0126294
0.06355024
