0.38764668
-1.0264447
-0.031853534
0.26872346
-1.8799815
0.20821998
0.96865284
0.22840957
-0.6749546
-1.5813141
-0.3919072
1.2064978
-0.23157685
0.79010427
-1.7074304
-0.18149559
0.00027978557
0.016388355
-0.061390128
0.08541147
0.3607989
0.40632415
0.10832861
0.10216718
0.43349868
-0.6714158
-0.16858941
1.0775026
1.1965601
-0.9119271
1.7374203
0.64062256
-0.73453015
1.3283176
-1.852902
-0.11049765
1.0341996
-0.94309497
-0.07182329
1.3840904
1.3123969
0.9790706
0.05223006
-0.8070191
-1.464398
0.89295715
-1.7993052
-0.5267558
-0.043960806
-1.5243598
-0.4966737
1.3103051
1.0350538
1.1882393
0.3647765
0.7221913
-0.0019784071
0.0004767279
-1.6955231
0.002532494
0.5170588
1.8633788
-1.3664098
1.2741652
-0.7131793
-1.2548308
-0.8221856
0.2106255
1.3275563
-0.64380074
-0.20325269
1.051951
0.6686563
-1.226135
-0.2632908
-0.23486061
0.4995011
2.1844985
0.70409536
0.7221911
-1.2010423
1.4299698
0.855301
2.0273383
1.1843398
0.8958202
1.9663682
0.36227116
0.3485568
0.64330596
0.4119387
0.7049578
0.10685783
-1.3743407
0.031206781
0.114581116
0.49602264
0.9329762
-1.0495896
0.43389764
-0.115109965
0.06634054
0.8045419
0.3169335
0.7026986
-0.8957339
-1.3895634
0.6622436
-0.31966934
1.3797317
-0.61476827
0.6310224
-1.1385195
0.37423694
-1.1548377
1.251453
-0.448413
1.5173635
-1.4952462
1.0124714
0.92997587
0.4953463
1.620114
-1.1904676
0.46365988
1.902348
-0.23676786
1.3017598
-1.2199935
0.64184284
-0.5365821
0.0572226
0.6067789
0.8163267
-0.014600109
-1.6411526
-1.0710871
0.6678007
-0.3187352
1.3111624
-0.71763486
0.8458878
-0.8501121
0.59031326
0.18212295
1.2104385
-1.1280082
0.3235916
-0.09551431
-0.06469309
1.6025051
-0.8601198
-0.42979673
0.927429
-0.7104608
0.9559909
-0.9193312
1.139722
0.8794869
1.814137
-0.4425892
-1.6960603
0.16911943
0.06099304
-1.369618
0.7063163
-0.06860124
-0.1470415
0.9046088
-1.0219405
-0.9777943
0.7858064
1.3087113
-0.8879148
-0.6389258
-2.0104206
0.8137852
0.22827765
0.4065812
0.85992724
0.6096945
0.3296082
-0.06593901
0.032443162
0.2425915
0.11700664
-0.03588658
0.45586574
-0.89048386
-1.7699436
-0.8649429
0.40420866
-1.5245695
0.38361132
0.059305284
-0.8228654
0.0035686428
0.004334466
-0.6565853
-1.3208526
0.39381853
0.7006128
-0.15352297
-0.37486407
0.0126322005
0.30174664
0.38094026
-0.2591757
0.8976923
-0.11752489
-0.5630729
0.36632982
-1.4245211
0.4048128
-0.037259165
0.069175474
-0.9904374
-1.7102165
-0.10543372
0.07847716
-1.431782
0.12725177
0.69331425
1.8668331
-1.0725552
0.81381017
0.0799282
1.5385487
0.5008343
-1.0165431
0.6526452
1.030887
0.20661986
1.2516334
0.46223626
0.8189458
0.54363704
-1.5689913
0.09599687
0.086637646
1.0670125
-0.11577599
0.91461897
-0.0016001455
0.05646358
0.12814577
-0.2766078
-1.2447397
-0.22433323
-1.3173562
0.8177039
0.4961385
-0.94822294
0.86464226
-0.13986991
-0.034846023
-0.19294392
-1.5131397
-0.70170116
-1.5114244
-0.4254663
-0.16652456
-0.012344695
0.6116762
1.3079134
-0.8614028
-1.4951789
-0.23574324
-1.2823844
0.72560775
-0.38168073
1.0187504
1.9570208
0.71522874
-1.0095761
0.43929416
1.197836
1.1185153
-1.3654127
0.15266322
-0.17509909
-1.236663
-0.44290283
0.13326964
1.1757548
-1.0509579
0.02850699
1.3369968
0.04600026
-1.0757375
-1.4950382
-1.2541451
-0.5480189
1.0694344
1.2341402
0.6506569
1.0260429
1.9455012
-1.3580825
0.41738826
-0.2274211
0.3048781
1.1162455
-0.67566264
0.053718206
0.08758223
-1.2865453
0.28305602
-1.3115385
0.6323539
-0.5164918
-1.4238719
-1.2316865
0.24440023
-0.26488128
1.5212684
-0.9230655
0.10356398
0.8914755
2.0218568
-0.7636555
1.069108
0.2757745
0.3646118
-0.9667385
0.8790425
0.9447294
-0.9231701
-0.003934324
-0.008275786
-0.70841706
-1.9661642
1.5040321
-0.9208026
-1.1825335
0.2868789
-1.1008476
0.6912772
-0.050981686
-0.05796336
-1.573376
-0.08236677
-0.79496855
-1.4452105
-1.0716355
-0.14208892
-1.4314423
0.7858086
1.4245083
0.17299075
0.079711184
-1.4150376
0.030873377
-1.1480707
0.62629366
-0.9407237
-1.4486881
-0.94977564
1.1124504
1.1871996
0.76964885
-0.16647397
-0.04687079
1.3436587
0.0012432626
0.0060079005
1.3294512
-0.8594927
1.4246322
-0.9845398
1.4076358
1.5328668
1.843563
-0.33160847
0.5988051
-1.1135393
-1.3734965
0.5304523
1.1984997
-0.8134236
0.4205837
1.8496819
1.1194327
-1.2073365
1.4956236
-1.0002761
0.7599502
1.0155274
0.3748587
1.9511131
-0.14309542
-0.07922668
1.0104613
-0.5995404
0.6019422
0.8966629
1.3084117
-0.51163906
1.0529901
-1.2342578
