1.5694855
1.4158756
1.412621
0.60298276
1.6995689
0.54255104
1.4756805
1.548804
0.29646125
2.0776563
-0.21410227
1.3196111
0.6915488
0.69108033
1.1820333
-0.104813546
-0.5884571
1.2022998
1.6467742
0.5505835
0.9989278
1.6492319
0.99827415
1.1553472
1.8482898
2.1557918
-0.66326076
1.825375
1.510851
-1.5370466
1.5251738
0.91044796
-1.6483427
0.24752903
0.22409377
1.3358077
1.6072359
1.7043164
-1.8193065
1.0272746
1.5756333
1.5214503
0.06777281
1.605546
-0.1695251
2.2010195
1.4026387
1.3583019
1.202578
1.855758
