-0.087873966
-0.13601287
0.14271529
0.017855559
0.113812216
0.13516621
0.2487721
0.19026111
0.10691602
0.19161405
-0.015631279
0.118327625
-0.16606823
-0.1351295
-0.12143709
0.10667761
-0.023145843
0.09795712
0.06216886
0.37020877
0.14351976
0.31862184
0.15549485
0.17912093
0.013931243
-0.035034586
0.17573045
0.03807353
0.14161316
-0.16177057
-0.13663708
-0.08471399
0.027603244
0.14713731
0.2576929
0.29040563
0.39690033
0.2145564
-0.1034833
-0.040931292
-0.0060539246
-0.08693794
-0.096294045
-0.17273915
-0.3407801
0.043448396
0.09692682
0.09423642
0.049480118
0.034522567
0.08614611
0.13380036
-0.023397047
-0.23576128
0.006510841
0.08029008
-0.20635235
-0.33679783
-0.36999282
-0.23467286
-0.030408131
-0.06808785
0.092744134
0.014314537
-0.098077595
-0.124352455
-0.08273708
-0.24463804
-0.43345627
0.041636992
-0.16764824
-0.18714802
-0.35770074
0.03362007
0.015164907
0.07370058
-0.08607561
-0.19066155
-0.026891883
0.08485035
-0.0854858
-0.16368619
-0.35308495
-0.00013952567
-0.033675626
-0.119039305
-0.22806235
-0.016750224
0.31274778
0.025838342
0.087495975
0.13289285
0.22977401
0.23278032
0.26264665
0.0255129
-0.18286961
0.16733767
0.0018685188
-0.11732993
-0.22955549
0.188271
0.54683316
0.549261
0.43183646
0.23529783
0.41436994
0.0011696175
-0.06740694
0.06842956
0.19648829
0.022366785
-0.099816576
-0.08480299
-0.18043938
0.21515192
0.47094768
0.47279575
0.49306896
0.5021331
0.35011792
-0.1765938
-0.054574803
0.011072388
0.014523349
0.008024107
-0.08401599
0.052459825
-0.17069618
0.096665464
0.2259071
0.2028824
0.30123025
0.38308325
0.06452598
-0.055585597
-0.007872493
-0.027685758
0.21939753
0.117281064
-0.015667459
0.12356868
-0.13365962
-0.008523288
0.0045175455
0.16179419
0.5216653
0.09160891
-0.056967538
-0.10845184
0.01779739
-0.0910211
0.19981983
-0.032752234
-0.064430535
0.054502357
-0.21287754
-0.28719094
-0.21542445
0.02212445
-0.077044316
-0.27696759
-0.12070864
-0.23072897
-0.20174707
-0.14039063
0.08754152
-0.033888385
-0.011699568
-0.024891367
-0.17079636
-0.29286683
-0.22446133
-0.2565349
-0.19827102
-0.20569809
-0.13773534
-0.08798181
0.0060331305
0.074664205
0.08791393
-0.024765003
-0.18336755
-0.19246526
-0.035092656
-0.12383771
0.059144508
0.076524846
-0.010391035
-0.24335067
-0.19378206
0.0103952885
0.02971421
-0.07470782
0.03837147
-0.034026142
