3.6722994
-2.551273
2.1324897
3.1445591
-0.66691405
-4.2666883
0.028607257
-0.037623733
-2.5418084
0.97190475
0.616864
-1.329733
5.103328
2.6318972
-2.5579844
-0.91889036
3.4721324
0.29432976
-2.1586943
-4.245822
-0.8599608
0.38695428
-2.6647413
-0.9257481
0.07542239
-3.7290752
0.103137404
-0.90142435
-0.023963226
-0.8873101
0.5159278
-1.7138131
4.7335057
-0.8587415
-2.2009315
0.03942873
-0.21556164
3.5596693
3.7973652
0.30806428
3.2757318
2.4331756
0.6401517
-1.4057435
-0.26492533
-0.7253137
-0.44284892
-1.2690009
-5.3303504
-2.7887256
-3.69556
3.3020597
-1.628601
-1.2947481
3.6256938
-4.9196944
-5.6097255
-1.4043751
4.1764503
-3.2058833
